1437
1198
1201
2050
2495
112
430
1873
955
578
751
1402
2496
2296
1305
440
1237
905
1102
797
550
1049
2139
229
1079
2082
1806
2274
932
2446
881
2313
1289
245
1955
2168
1107
2261
1064
2007
1167
1301
1270
1729
2338
1443
2358
1114
1720
558
900
284
743
2208
1969
963
1053
1896
1766
1117
1548
1838
1623
2140
2384
2108
2423
1560
560
118
2238
1494
1995
1332
2470
610
2404
455
1293
249
2156
1103
2434
499
513
793
849
1202
467
885
2073
916
1203
654
1725
1654
290
1340
1759
1970
1667
999
770
1516
411
738
2258
1415
330
616
735
152
2420
2356
2457
1554
133
1918
1665
2132
705
1767
1006
167
2161
1917
2279
162
1434
1023
2248
393
1648
1876
308
1190
2401
2003
144
1379
1174
2348
566
316
1136
2440
682
1173
1470
2406
2153
1112
1474
670
611
1100
1397
11
992
2286
1012
1430
2134
2386
2191
617
893
586
753
481
925
102
111
2193
2265
1695
1938
573
270
2297
2447
1605
2155
824
1897
501
2086
2165
2227
1309
888
1530
1031
503
1693
1002
2337
933
1547
2308
2379
2225
687
114
1165
636
435
2010
1218
1109
1445
47
50
2382
1491
2372
2064
2451
1621
1541
1542
658
215
1147
717
206
1015
32
741
1302
554
2332
18
1455
846
2381
247
2046
2164
2125
1911
480
1705
602
1195
781
188
1552
922
178
1038
87
310
1465
422
200
273
579
2288
165
2315
116
749
318
63
2011
257
129
352
1999
1164
1540
729
468
847
33
421
1722
1544
373
1837
1139
1318
612
907
2033
2465
2442
153
1158
2216
258
887
576
677
383
711
2371
253
260
1485
6
2218
2287
1264
1893
1977
2262
2189
1932
1712
1347
2454
1895
202
328
1087
1231
954
683
1659
2387
967
41
1773
788
652
2019
1852
2277
631
2475
244
801
2441
2058
995
1013
2025
985
29
535
2160
213
818
1813
2233
1333
1453
1177
1599
1991
1232
1303
208
590
1076
1386
2377
1098
2368
1354
2345
719
831
1226
191
1572
1497
2115
803
1095
276
1159
431
8
1953
943
1131
1217
1028
1588
948
527
346
1644
1563
1866
1057
2367
1187
2095
1708
1054
972
541
424
1700
2126
197
737
1143
1534
2170
1519
279
324
838
1260
479
55
928
1367
505
1061
108
1824
148
1464
1235
739
95
945
1636
1882
1506
1058
1452
2136
1432
1350
961
2180
1724
1262
121
1961
2036
1776
1860
1436
1715
790
1819
795
1570
1261
166
2282
882
1981
381
432
298
1536
35
1319
1299
104
2222
1323
331
1266
62
1240
2463
2472
1473
1316
546
2100
209
1043
399
1565
871
1243
99
2150
483
1170
228
812
752
327
514
374
2188
304
545
2490
72
1792
2032
2266
525
1328
1963
261
685
2398
2492
2130
2362
1717
2341
508
2411
1063
23
179
857
998
478
1105
1875
2464
1602
1199
613
632
2039
1691
1488
869
694
175
67
2196
2077
984
1571
732
929
1009
1880
2124
1311
219
1682
730
492
773
2221
1083
1248
662
1755
1227
816
722
2123
1799
288
391
1671
2499
1150
1032
2172
1551
38
1401
2285
217
2268
1381
2131
1750
79
2357
1142
2272
65
1996
958
2177
131
2331
417
689
453
819
540
761
2159
1400
515
1188
2079
2473
910
80
1607
2116
2065
1258
238
2252
608
1153
1638
1407
1943
49
305
363
355
1598
369
1763
539
2049
1168
904
850
210
1774
51
2022
1550
1062
596
950
878
2157
1821
54
845
1847
2042
2213
70
2481
415
243
40
1596
1115
1215
510
269
2210
1467
657
1078
2334
2422
1753
2059
2207
521
1196
2014
2215
1618
836
438
1737
466
1718
776
1322
287
2456
1881
224
154
784
1163
523
671
2327
2045
543
1669
975
2133
263
2306
1818
852
169
410
2183
437
872
2354
274
1374
532
1255
863
1921
1584
531
1749
2477
574
1360
581
423
592
109
1176
2043
1486
1410
939
1641
830
2355
250
1867
1757
345
2018
301
946
577
507
1230
1259
2458
1812
350
1795
1377
684
1990
557
1375
673
2186
976
1120
726
1108
1093
551
1944
1680
203
1022
2359
923
414
2391
1355
1272
225
1826
2264
42
1622
447
1587
182
1033
1487
88
2302
1589
120
1221
1933
727
1457
1698
2407
889
2052
2162
908
1041
1128
956
339
2209
2097
674
587
1052
1059
807
1973
811
1133
2083
1706
2243
1647
1947
278
218
2147
615
1870
1089
2314
1306
982
379
1341
536
951
314
2344
1707
848
216
296
555
37
1595
1662
2179
962
1782
240
1941
1561
1808
1396
53
380
1959
2326
1471
2112
490
661
1051
1863
493
2044
1346
1241
1317
582
407
2057
297
2229
500
132
1575
966
833
604
2353
724
1567
2425
1308
709
1433
627
2471
1609
665
2004
294
2426
660
1645
792
826
1091
2137
742
2498
2237
2485
2113
1439
1211
1048
2247
2245
1155
2232
1739
2430
439
1862
2163
1865
506
1768
452
1992
295
358
81
2351
1965
1738
1110
10
1180
2388
223
1137
829
413
794
815
775
473
704
1564
1427
2047
1630
1204
1251
2072
909
733
427
1357
798
1929
1388
978
1747
193
1073
902
2324
43
1786
212
1777
1281
2340
1092
242
810
2304
1937
2231
1294
1463
2380
1539
764
649
1510
1769
2413
2234
1597
2154
2230
69
1719
1339
1000
1391
2002
2246
2167
1525
485
1330
344
1986
2424
7
1291
2256
2074
1617
1425
106
2096
1335
205
16
1257
1372
34
1678
859
128
891
1495
2013
2436
367
580
1523
2303
1840
2091
2075
325
2017
678
126
1366
2487
1469
186
769
1553
86
2127
2292
759
1440
921
746
146
1313
809
2395
151
1496
1222
2081
1699
868
354
1793
2051
2299
110
1670
2093
418
559
712
994
2396
1253
1068
1364
2037
460
1459
598
774
1907
91
1800
2300
347
1844
2399
517
2361
2089
398
1994
1958
1067
1378
125
349
2335
571
1185
1850
1858
59
1454
66
880
1371
1008
1148
1526
564
1442
1154
2318
2117
930
864
1246
2427
90
1831
926
2251
2009
2374
713
2378
791
1878
2389
1269
1003
1119
221
688
395
1985
2184
1543
1686
2330
522
1451
2459
362
1456
2158
246
2394
884
1513
57
650
2328
960
2142
222
2240
2144
1568
700
1244
2437
1007
1476
947
189
1351
85
1020
1606
2076
2110
2121
394
628
591
1365
199
138
2468
556
1538
401
348
1939
2421
1480
164
1069
1581
1908
2235
1111
1273
1578
322
1802
1390
1716
637
1736
1748
645
575
638
12
1849
1446
147
1913
384
1841
693
92
461
2034
2084
1001
117
2476
1403
842
24
2329
748
2087
1342
2486
2102
2408
134
1036
1205
463
486
899
1121
1785
851
1620
375
1730
2336
664
731
1883
952
643
1368
2290
1884
1383
721
1832
2098
890
2122
1546
75
1493
1758
2322
1412
1385
1713
449
2339
396
695
1869
1267
1212
1942
2201
1324
1088
1890
2166
497
708
990
255
2008
1094
1533
1930
1197
1122
537
1382
233
843
2482
471
1040
969
542
1906
1740
1207
1887
1830
561
1904
1113
1723
1363
2415
309
1489
675
934
672
2317
1710
2030
1194
2026
1903
1527
477
1191
2149
1132
1398
464
2194
61
772
127
2068
1982
971
667
2088
93
875
912
1751
568
2119
1853
629
1104
1268
1123
2294
1972
1287
64
1576
1935
1591
2169
1060
1216
1842
1286
1820
806
1577
1193
1604
1055
754
2364
214
1562
734
639
2281
1208
1796
1116
2109
1909
1583
2027
1668
2035
820
2342
2255
292
326
1352
1395
475
567
725
1624
2483
2203
1250
158
412
520
1537
1277
1886
606
1228
1927
1265
404
2060
1952
1814
1030
1406
2376
5
174
648
1223
2015
957
465
1741
1448
968
1861
1295
1614
123
140
474
2063
2316
1790
0
2236
1914
275
1096
343
2491
699
718
2295
389
364
1359
2325
1331
1511
1166
1263
306
319
1338
1356
84
2143
83
13
1980
2450
1418
786
996
855
2291
647
2479
2370
1916
646
1950
1035
1149
159
68
2453
1426
289
1879
2275
2242
1413
1529
1449
2462
1975
1320
1157
451
858
1458
1134
1745
1016
2428
1726
2452
1557
1037
876
39
494
2400
2365
1811
780
2309
1629
1679
402
172
100
1556
1358
1329
163
562
1579
1408
262
931
987
1843
28
498
2012
143
973
1585
1283
2223
1993
2352
866
2120
601
2412
2445
1900
533
52
176
1637
1018
340
701
2383
2333
248
1666
1475
1184
1082
1586
595
436
823
553
342
1601
676
585
1899
1502
1922
1928
426
1771
495
804
1005
2195
2048
1162
919
502
1775
1160
2284
2152
1711
329
1484
198
618
1520
1524
1145
1280
915
1238
1846
2402
122
1616
1027
1296
1555
1979
386
254
361
2111
886
720
405
980
403
1252
2418
2053
2349
1515
2298
2319
1387
979
9
2040
2016
2253
321
1957
1156
1254
2249
1321
1871
1416
2443
365
1129
1559
1653
640
1566
1483
1696
1855
103
135
690
911
2260
1734
1024
1045
2301
1978
1327
1423
2181
728
1213
1090
1135
1209
323
1010
282
283
1080
828
2278
1709
476
1414
1239
1127
2323
1175
703
841
1025
1612
983
808
1854
1923
941
563
156
1582
1307
1500
2078
528
472
2305
44
2254
2493
268
624
949
1490
1646
251
458
115
1394
1839
1920
2023
1532
1685
747
1417
1836
692
2259
1050
825
594
679
763
526
2080
827
1788
2346
1336
1479
785
1393
2202
1701
1744
1619
2366
813
2192
335
898
1901
669
1974
1924
1172
1834
1344
1279
1140
1833
817
2151
1361
1447
1236
1376
1428
119
1183
656
549
1657
2433
584
799
970
856
341
1754
789
489
1859
482
821
2224
2107
456
883
1702
105
444
1275
2269
1337
1966
107
1798
548
867
1285
839
1210
1461
1649
351
1349
371
2375
879
2431
1161
1807
1764
1276
1874
77
1892
1086
2429
1664
378
2347
1300
2410
1528
469
1946
1784
897
1673
800
796
1733
1004
1770
185
534
388
873
1954
2343
434
280
2118
2067
635
516
170
1801
2478
668
989
2104
27
1987
409
2310
2141
758
21
1297
853
1290
195
2369
1042
149
2092
1926
1856
1334
707
1220
2205
2145
1345
1171
161
1626
1694
2062
2204
697
1522
1902
814
1178
1968
1674
1625
2311
360
2321
2220
1034
1983
1910
1247
1633
220
313
272
1891
1392
428
264
1631
1787
227
420
356
236
2432
2006
2055
1099
1482
2148
2174
1697
993
991
547
623
22
1429
234
1460
1976
14
2146
1627
1081
1742
2071
2138
2101
204
1029
1514
1760
1652
1181
1868
593
1803
333
862
767
1518
1919
1304
338
183
2187
666
802
1431
918
2056
1851
1603
766
194
48
1141
25
940
2206
2028
2250
1468
2029
644
237
2350
777
2090
2363
2320
762
457
56
2360
1274
1934
765
2069
315
600
569
1765
1233
1962
450
1809
2171
1130
565
1672
1615
1845
1126
307
1326
544
1517
448
1805
1945
914
454
1857
190
470
1085
2005
605
1124
924
336
822
397
1411
787
1065
715
359
429
691
2409
805
2480
82
783
1466
1245
927
357
2176
2307
184
1677
607
1781
1242
1984
293
2135
1138
1967
1864
1608
2484
137
96
779
1804
509
1182
2488
622
2024
1829
2385
2448
599
745
60
1504
1783
1189
1661
903
642
1600
2461
861
641
686
1039
756
621
15
1077
589
1703
837
302
1728
1735
986
988
1056
1650
723
19
1558
1256
1462
2228
271
1384
681
2114
1756
1421
168
259
406
442
1284
1315
30
2439
2173
2106
1634
89
285
1152
1084
1569
1151
2103
530
1225
1229
760
1825
1072
2271
441
2416
1420
1997
1019
1689
1651
45
2001
1219
1505
377
1816
1746
757
1797
1472
518
538
1224
1498
58
445
1144
2054
46
1779
459
626
959
366
2497
1940
71
2417
2094
634
1
1438
312
1925
416
1503
2283
1988
2444
303
906
1721
1628
1877
917
136
1026
1017
1915
1889
714
1687
1681
1478
187
1761
835
1278
1762
901
892
2178
291
2474
944
1684
171
663
1592
1409
317
1200
2185
1492
1594
655
1692
2085
935
2489
2241
231
870
124
1663
1815
2021
462
1611
1186
2289
1481
2128
1640
2212
1789
2197
376
484
1643
180
778
1632
387
1683
2414
552
1282
2267
142
370
1894
130
696
619
139
2270
965
680
2392
1206
2449
1660
844
1949
1635
854
895
226
496
2273
512
572
625
771
2041
750
1971
1074
1125
382
177
491
583
1885
2198
1179
702
716
150
2373
20
1960
860
1731
2099
2200
2257
26
2217
488
1389
1912
1898
865
1675
2129
1404
938
2467
1573
974
2182
1828
1075
2020
1477
2312
698
1848
1704
419
2276
1298
519
2214
1066
633
2435
1956
2226
2070
1817
78
2397
603
2419
832
588
2219
31
334
1325
1791
332
392
1827
1450
390
1070
207
874
1441
2190
1823
1044
277
1508
755
1499
768
368
744
2061
1936
740
2393
1234
1271
1549
443
94
896
1106
101
1047
76
1822
98
2175
1752
937
1014
1590
2280
2455
2494
736
1011
511
192
2239
1369
2199
113
524
877
1642
1509
1118
400
252
1507
337
1512
1658
2066
300
529
782
1348
3
659
1097
1021
630
840
1998
1772
2466
232
286
173
1727
2263
834
2460
141
1676
36
1531
211
2
1343
653
2390
620
1405
1931
894
1964
1380
1593
609
1435
977
1424
1046
2105
299
320
997
181
1362
145
1214
504
936
1249
73
155
1419
597
1169
2211
425
1373
1545
1835
74
953
1521
981
2293
1580
2000
267
1951
1778
1810
1444
1888
1312
487
1535
2244
942
385
1146
1314
1639
2469
160
920
1574
1192
710
614
1794
1310
2438
1656
353
266
913
1292
570
1690
2403
1422
1743
2038
1905
446
157
241
239
2031
1288
230
17
1370
1353
311
1948
1613
97
256
235
651
201
1714
1655
706
1688
433
1872
1101
1501
196
281
964
1071
1780
1732
4
408
1989
265
2405
372
1399
